{
 "cells": [
  {
   "cell_type": "markdown",
   "id": "6571d64a-4f05-4d7f-8d26-bbd54fe72341",
   "metadata": {},
   "source": [
    "# Second Chance Quiz, Question 5 - Young's Modulus along any direction"
   ]
  },
  {
   "cell_type": "code",
   "execution_count": 2,
   "id": "be1fa39a-ee98-4ae9-beda-8966783bc4d1",
   "metadata": {},
   "outputs": [],
   "source": [
    "#GIVENS\n",
    "\n",
    "#lattice parameters, \n",
    "a = 5.54 #Å,\n",
    "b = 4.87 #Å, \n",
    "c = 5.64 #Å, \n",
    "\n",
    "# angles in degrees\n",
    "alpha_deg = 90 #º, \n",
    "beta_deg = 120.18 #º \n",
    "gamma_deg = 90 #º,\n",
    "\n",
    "#angles in radians\n",
    "import numpy as np\n",
    "alpha = alpha_deg * np.pi /180\n",
    "beta = beta_deg * np.pi /180\n",
    "gamma = gamma_deg * np.pi /180\n",
    "\n",
    "# mechanical coeﬃcients (in GPa) \n",
    "c11 = 358\n",
    "c12 = 144\n",
    "c13 = 67\n",
    "c15 = -25.9\n",
    "c22 = 426\n",
    "c23 = 127\n",
    "c25 = 38.3\n",
    "c33 = 240\n",
    "c35 = -23.3\n",
    "c44 = 99.1\n",
    "c46 = -38.8\n",
    "c55 = 78.7\n",
    "c66 = 130"
   ]
  },
  {
   "cell_type": "markdown",
   "id": "c4d6960a-3b6a-4426-8a78-dbeecdc5c7ff",
   "metadata": {},
   "source": [
    "### Use Stiffness/Compliance relationships, to get Young's Modulus in the direction\n",
    "\n",
    "$$ \\frac{1}{E(n)} = s_{ijkl} n_i n_j n_k n_l $$\n",
    "\n",
    "where E(n) is young's modulus, and $\\frac{1}{E(n)}$ is the inverse, $s_{ijkl}$ is the compliance tensor, and $n_i n_j n_k n_l$ represents the unit vector in the direction in the crystal basis.\n",
    "\n",
    "$$ C_{ij} = \\frac{1}{S_{ij}} $$"
   ]
  },
  {
   "cell_type": "markdown",
   "id": "974f8e9f-c667-4924-a431-bd9095029e4c",
   "metadata": {},
   "source": [
    "## Part A: full compliance matrix for this material\n"
   ]
  },
  {
   "cell_type": "code",
   "execution_count": 3,
   "id": "2a4d7778-0a69-4c17-bf4f-7badd67a86ce",
   "metadata": {},
   "outputs": [
    {
     "name": "stdout",
     "output_type": "stream",
     "text": [
      "[[358.  144.   67.    0.  -25.9   0. ]\n",
      " [144.  426.  127.    0.   38.3   0. ]\n",
      " [ 67.  127.  240.    0.  -23.3   0. ]\n",
      " [  0.    0.    0.   99.1   0.  -38.8]\n",
      " [-25.9  38.3 -23.3   0.   78.7   0. ]\n",
      " [  0.    0.    0.  -38.8   0.  130. ]]\n"
     ]
    }
   ],
   "source": [
    "# stiffness matrix\n",
    "\n",
    "C = np.array([\n",
    "    [c11, c12, c13, 0, c15, 0],\n",
    "    [c12, c22, c23, 0, c25, 0],\n",
    "    [c13, c23, c33, 0, c35, 0],\n",
    "    [0, 0, 0, c44, 0, c46],\n",
    "    [c15, c25, c35, 0, c55, 0],\n",
    "    [0, 0, 0, c46, 0, c66]\n",
    "])\n",
    "print(C)"
   ]
  },
  {
   "cell_type": "code",
   "execution_count": 4,
   "id": "4639634e-8925-4860-a021-688f25a220e7",
   "metadata": {},
   "outputs": [
    {
     "name": "stdout",
     "output_type": "stream",
     "text": [
      "Compliance matrix:\n",
      "S =  [[ 0.00345939 -0.0012911  -0.0001143   0.          0.00173296  0.        ]\n",
      " [-0.0012911   0.00355632 -0.00178194  0.         -0.00268317  0.        ]\n",
      " [-0.0001143  -0.00178194  0.0053766   0.          0.00242138  0.        ]\n",
      " [ 0.          0.          0.          0.011426    0.          0.00341022]\n",
      " [ 0.00173296 -0.00268317  0.00242138  0.          0.01529946  0.        ]\n",
      " [ 0.          0.          0.          0.00341022  0.          0.00871013]] (GPa)^-1\n"
     ]
    }
   ],
   "source": [
    "# compliance matrix is inverse of stiffness matrix\n",
    "S = np.linalg.inv(C)\n",
    "print(\"Compliance matrix:\")\n",
    "print(\"S = \", S, \"(GPa)^-1\")"
   ]
  },
  {
   "cell_type": "markdown",
   "id": "d24f599c-2869-4934-946a-04c349d9a2a1",
   "metadata": {},
   "source": [
    "## PART B: Cacluate Young's Modulus along the [2 D3 1] direction"
   ]
  },
  {
   "cell_type": "code",
   "execution_count": 5,
   "id": "f32be9e6-2305-47f5-aa65-0621f43d8ee7",
   "metadata": {},
   "outputs": [
    {
     "name": "stdout",
     "output_type": "stream",
     "text": [
      "[0.36514837 0.91287093 0.18257419]\n"
     ]
    }
   ],
   "source": [
    "direction = np.array([2, 5, 1])\n",
    "\n",
    "##### \"All directions and planes are referred to in the crystallographic system.\" \n",
    "##### the mechanical coefficients are already in crystallographic, SO no metric tensor etc\n",
    "\n",
    "# direction cosines = normalized direction vector components\n",
    "dir_mag = np.linalg.norm(direction)\n",
    "n = direction / dir_mag      # unit vector\n",
    "\n",
    "n1, n2, n3 = n # n is the direction cosines\n",
    "print(n)"
   ]
  },
  {
   "cell_type": "markdown",
   "id": "a57d3022-a0d7-46dd-a91f-2b5ccbfc7c37",
   "metadata": {},
   "source": [
    "### Derived $q^T S q$ \n",
    "\n",
    "$$ \\frac{1}{E(n)} = s_{ijkl} n_i n_j n_k n_l $$\n",
    "\n",
    "Expanded and then simplified. (Written work below code and in word doc)\n",
    "$$ \\frac{1}{E(\\mathbf{n})}\n",
    "= S_{11} n_1^4\n",
    "+ S_{22} n_2^4\n",
    "+ S_{33} n_3^4\n",
    "+ (2 S_{12} + 4 S_{66})\\, n_1^2 n_2^2\n",
    "+ (2 S_{13} + 4 S_{55})\\, n_1^2 n_3^2\n",
    "+ (2 S_{23} + 4 S_{44})\\, n_2^2 n_3^2\n",
    "+ 4 S_{15}\\, n_1^3 n_3\n",
    "+ (4 S_{25} + 8 S_{46})\\, n_1 n_2^2 n_3\n",
    "+ 4 S_{35}\\, n_1 n_3^3 $$\n"
   ]
  },
  {
   "cell_type": "code",
   "execution_count": 8,
   "id": "5f6b728e-f181-43af-ba67-673a856cd7f6",
   "metadata": {},
   "outputs": [],
   "source": [
    "# assign S11 to S66 as variables from S matrix\n",
    "for i in range(6):\n",
    "    for j in range(6):\n",
    "        globals()[f\"S{i+1}{j+1}\"] = S[i, j]\n"
   ]
  },
  {
   "cell_type": "code",
   "execution_count": 9,
   "id": "87f6f5ce-f98e-4f2e-afef-bd0674134c2e",
   "metadata": {},
   "outputs": [],
   "source": [
    "# Young's Modulus Calculation\n",
    "inv_E = (\n",
    "      S11 * n1**4\n",
    "    + S22 * n2**4\n",
    "    + S33 * n3**4\n",
    "    + (2*S12 + 4*S66) * (n1**2) * (n2**2)\n",
    "    + (2*S13 + 4*S55) * (n1**2) * (n3**2)\n",
    "    + (2*S23 + 4*S44) * (n2**2) * (n3**2)\n",
    "    + 4*S15 * (n1**3) * n3\n",
    "    + (4*S25 + 8*S46) * n1 * (n2**2) * n3\n",
    "    + 4*S35 * n1 * (n3**3)\n",
    ")"
   ]
  },
  {
   "cell_type": "code",
   "execution_count": 10,
   "id": "52e91701-4645-4902-845b-f62fc09f469c",
   "metadata": {},
   "outputs": [
    {
     "name": "stdout",
     "output_type": "stream",
     "text": [
      "Young's modulus along [2 5 1]: 116.74794356713704 GPa\n"
     ]
    }
   ],
   "source": [
    "# inv_E = q @ S @ q # 1/E(n), in 1/GPa\n",
    "E_n = 1 / inv_E  # Young's modulus in GPa\n",
    "\n",
    "print(\"Young's modulus along [2 5 1]:\", E_n, \"GPa\")\n"
   ]
  },
  {
   "cell_type": "markdown",
   "id": "d5d40398-1b3a-4dd1-bd28-62a99c25f92e",
   "metadata": {},
   "source": [
    "### Photo of Written Work\n",
    "\n",
    "<div>\n",
    "    <img src=\"PG1-whole.jpg\" /width=50%>\n",
    "    <img src=\"PG2-whole.jpg\" /width=50%>\n",
    "</div>"
   ]
  }
 ],
 "metadata": {
  "kernelspec": {
   "display_name": "Python 3 (ipykernel)",
   "language": "python",
   "name": "python3"
  },
  "language_info": {
   "codemirror_mode": {
    "name": "ipython",
    "version": 3
   },
   "file_extension": ".py",
   "mimetype": "text/x-python",
   "name": "python",
   "nbconvert_exporter": "python",
   "pygments_lexer": "ipython3",
   "version": "3.12.4"
  }
 },
 "nbformat": 4,
 "nbformat_minor": 5
}
